0 0 0
0 0 0
0 0 0
0.017556823790073 0 0
0.22611220180988 0 0
0.58195453882217 0 0
0.84701812267303 0 0
0.9698047041893 0 0
0.99998027086258 0 0
0.98484742641449 0 0
0.9537752866745 0 0
0.92342931032181 0 0
0.90097469091415 0 0
0.88653486967087 0 0
0.79232740402222 0 0
0.47598499059677 0.00063918915111572 0
0.14557863771915 0.088518142700195 0
-0.045380506664515 0.40357303619385 0
-0.11526283621788 0.73344886302948 0
-0.11832319200039 0.92364329099655 0
-0.092517547309399 0.9930419921875 0
-0.060368563979864 0.99588906764984 0
-0.033517442643642 0.97001028060913 0
-0.015499470755458 0.93787145614624 0
-0.0051913456991315 0.91106182336807 0
0 0.89308655261993 0
0 0.86564385890961 0
0 0.6532529592514 0
0 0.29743868112564 0.017556823790073
0 0.031603120267391 0.22611220180988
0 -0.091821528971195 0.58195453882217
0 -0.12232584506273 0.84701812267303
0 -0.10733236372471 0.9698047041893
0 -0.076283909380436 0.99998027086258
0 -0.045907065272331 0.98484742641449
0 -0.023408202454448 0.9537752866745
0 -0.0095379333943129 0.92342931032181
0 -0.0021163644269109 0.90097469091415
0 0 0.88714069128036
0 0 0.87974029779434
0 0 0.86047160625458
0 0 0.65324693918228
0.017556823790073 0 0.2974506020546
0.22611220180988 0 0.031609486788511
0.58195453882217 0 -0.091815449297428
0.84701812267303 0 -0.12232705950737
0.9698047041893 0 -0.10732646286488
0.99998027086258 0 -0.076276637613773
0.98484742641449 0 -0.045901142060757
0.9537752866745 0 -0.023404551669955
0.92342931032181 0 -0.0095362374559045
0.90097469091415 0 -0.0021159523166716
0.88653486967087 0 0
0.79232740402222 0 0
0.47598499059677 0.00063918915111572 0
0.14557863771915 0.088518142700195 0
-0.045380506664515 0.40357303619385 0
-0.11526283621788 0.73344886302948 0
-0.11832319200039 0.92364329099655 0
-0.092517547309399 0.9930419921875 0
-0.060368563979864 0.99588906764984 0
-0.033517442643642 0.97001028060913 0
-0.015499470755458 0.93787145614624 0
-0.0051913456991315 0.91106182336807 0
0 0.89308655261993 0
0 0.86564385890961 0
0 0.6532529592514 0
0 0.29743868112564 0.017556823790073
0 0.031603120267391 0.22611220180988
0 -0.091821528971195 0.58195453882217
0 -0.12232584506273 0.84701812267303
0 -0.10733236372471 0.9698047041893
0 -0.076283909380436 0.99998027086258
0 -0.045907065272331 0.98484742641449
0 -0.023408202454448 0.9537752866745
0 -0.0095379333943129 0.92342931032181
0 -0.0021163644269109 0.90097469091415
0 0 0.88714069128036
0 0 0.87974029779434
0 0 0.86047160625458
0 0 0.65324693918228
0.017556823790073 0 0.2974506020546
0.22611220180988 0 0.031609486788511
0.58195453882217 0 -0.091815449297428
0.84701812267303 0 -0.12232705950737
0.9698047041893 0 -0.10732646286488
0.99998027086258 0 -0.076276637613773
0.98484742641449 0 -0.045901142060757
0.9537752866745 0 -0.023404551669955
0.92342931032181 0 -0.0095362374559045
0.90097469091415 0 -0.0021159523166716
0.88653486967087 0 0
0.79232740402222 0 0
0.47598499059677 0.00063918915111572 0
0.14557863771915 0.088518142700195 0
-0.045380506664515 0.40357303619385 0
-0.11526283621788 0.73344886302948 0
-0.11832319200039 0.92364329099655 0
-0.092517547309399 0.9930419921875 0
-0.060368563979864 0.99588906764984 0
-0.033517442643642 0.97001028060913 0
-0.015499470755458 0.93787145614624 0
-0.0051913456991315 0.91106182336807 0
0 0.89308655261993 0
0 0.86564385890961 0
0 0.6532529592514 0
0 0.29743868112564 0.017556823790073
0 0.031603120267391 0.22611220180988
0 -0.091821528971195 0.58195453882217
0 -0.12232584506273 0.84701812267303
0 -0.10733236372471 0.9698047041893
0 -0.076283909380436 0.99998027086258
0 -0.045907065272331 0.98484742641449
0 -0.023408202454448 0.9537752866745
0 -0.0095379333943129 0.92342931032181
0 -0.0021163644269109 0.90097469091415
0 0 0.88714069128036
0 0 0.87974029779434
0 0 0.86047160625458
0 0 0.65324693918228
0.017556823790073 0 0.2974506020546
0.22611220180988 0 0.031609486788511
0.58195453882217 0 -0.091815449297428
0.84701812267303 0 -0.12232705950737
0.9698047041893 0 -0.10732646286488
0.99998027086258 0 -0.076276637613773
0.98484742641449 0 -0.045901142060757
0.9537752866745 0 -0.023404551669955
0.92342931032181 0 -0.0095362374559045
0.90097469091415 0 -0.0021159523166716
0.88653486967087 0 0
0.79232740402222 0 0
0.47598499059677 0.00063918915111572 0
0.14557863771915 0.088518142700195 0
-0.045380506664515 0.40357303619385 0
-0.11526283621788 0.73344886302948 0
-0.11832319200039 0.92364329099655 0
-0.092517547309399 0.9930419921875 0
-0.060368563979864 0.99588906764984 0
-0.033517442643642 0.97001028060913 0
-0.015499470755458 0.93787145614624 0
-0.0051913456991315 0.91106182336807 0
0 0.89308655261993 0
0 0.86564385890961 0
0 0.6532529592514 0
0 0.29743868112564 0.017556823790073
0 0.031603120267391 0.22611220180988
0 -0.091821528971195 0.58195453882217
0 -0.12232584506273 0.84701812267303
0 -0.10733236372471 0.9698047041893
0 -0.076283909380436 0.99998027086258
0 -0.045907065272331 0.98484742641449
0 -0.023408202454448 0.9537752866745
0 -0.0095379333943129 0.92342931032181
0 -0.0021163644269109 0.90097469091415
0 0 0.88714069128036
0 0 0.87974029779434
0 0 0.86047160625458
0 0 0.65324693918228
0 0 0.2974506020546
0 0 0.031609486788511
0 0 -0.091815449297428
