0 0 0 0 0
0.017556823790073 0 0 0 0
0.22611220180988 0 0 0 0
0.58195453882217 0 0 0 0
0.84701812267303 0 0 0 0
0.9698047041893 0 0 0 0
0.99998027086258 0 0 0 0
0.98484742641449 0 0 0 0
0.9537752866745 0 0 0 0
0.92342931032181 0 0 0 0
0.90097469091415 0 0 0 0
0.88714069128036 0 0 0 0
0.87974029779434 0 0 0 0
0.87763130664825 0 0 0 0
0.87763100862503 0 0 0 0
0.87763053178787 0 0 0 0
0.87763100862503 0 0 0 0
0.87764751911163 0 0 0 0
0.87764728069305 0 0 0 0
0.87764662504196 0 0 0 0
0.86044025421143 0.017556823790073 0 0 0
0.65300178527832 0.22611220180988 0 0 0
0.29713279008865 0.58195453882217 0 0 0
0.031400520354509 0.84701812267303 0 0 0
-0.091898657381535 0.9698047041893 0 0 0
-0.12233291566372 0.99998027086258 0 0 0
-0.10729920864105 0.98484742641449 0 0 0
-0.076242312788963 0.9537752866745 0 0 0
-0.045873545110226 0.92342931032181 0 0 0
-0.023387538269162 0.90097469091415 0 0 0
-0.0095283286646008 0.88714069128036 0 0 0
-0.0021140319295228 0.87974029779434 0 0 0
0 0.87763130664825 0 0 0
0 0.87763100862503 0 0 0
0 0.87763053178787 0 0 0
0 0.87763100862503 0 0 0
0 0.87764751911163 0 0 0
0 0.87764728069305 0 0 0
0 0.87764662504196 0 0 0
0 0.87764483690262 0 0 0
0 0.87764483690262 0 0 0
0 0.87764501571655 0 0 0
0 0.87764370441437 0 0 0
0 0.87764316797256 0 0 0
0 0.87764286994934 0 0 0
0.017556823790073 0.86036151647568 0 0 0
0.22611220180988 0.65266853570938 0 0 0
0.58195453882217 0.29679024219513 0 0 0
0.84701812267303 0.031206471845508 0 0 0
0.9698047041893 -0.091969840228558 0 0 0
0.99998027086258 -0.12233779579401 0 0 0
0.98484742641449 -0.10727565735579 0 0 0
0.9537752866745 -0.076224058866501 0 0 0
0.92342931032181 -0.04586773738265 0 0 0
0.90097469091415 -0.023389490321279 0 0 0
0.88714069128036 -0.0095318062230945 0 0 0
0.87974029779434 -0.0021155008580536 0 0 0
0.87763130664825 0 0 0 0
0.87763100862503 0 0 0 0
0.87763053178787 0 0 0 0
0.87763100862503 0 0 0 0
0.87764751911163 0 0 0 0
0.87764728069305 0 0 0 0
0.87764662504196 0 0 0 0
0.86044025421143 0 0.017556823790073 0 0
0.65300178527832 0 0.22611220180988 0 0
0.29713279008865 0 0.58195453882217 0 0
0.031400520354509 0 0.84701812267303 0 0
-0.091898657381535 0 0.9698047041893 0 0
-0.12233291566372 0 0.99998027086258 0 0
-0.10729920864105 0 0.98484742641449 0 0
-0.076242312788963 0 0.9537752866745 0 0
-0.045873545110226 0 0.92342931032181 0 0
-0.023387538269162 0 0.90097469091415 0 0
-0.0095283286646008 0 0.88714069128036 0 0
-0.0021140319295228 0 0.87974029779434 0 0
0 0 0.87763130664825 0 0
0 0 0.87763100862503 0 0
0 0 0.87763053178787 0 0
0 0 0.87763100862503 0 0
0 0 0.87764751911163 0 0
0 0 0.87764728069305 0 0
0 0 0.87764662504196 0 0
0 0 0.87764483690262 0 0
0 0 0.87764483690262 0 0
0 0 0.87764501571655 0 0
0 0 0.87764370441437 0 0
0 0 0.87764316797256 0 0
0 0 0.87764286994934 0 0
0.017556823790073 0 0.86036151647568 0 0
0.22611220180988 0 0.65266853570938 0 0
0.58195453882217 0 0.29679024219513 0 0
0.84701812267303 0 0.031206471845508 0 0
0.9698047041893 0 -0.091969840228558 0 0
0.99998027086258 0 -0.12233779579401 0 0
0.98484742641449 0 -0.10727565735579 0 0
0.9537752866745 0 -0.076224058866501 0 0
0.92342931032181 0 -0.04586773738265 0 0
0.90097469091415 0 -0.023389490321279 0 0
0.88714069128036 0 -0.0095318062230945 0 0
0.87974029779434 0 -0.0021155008580536 0 0
0.87763130664825 0 0 0 0
0.87763100862503 0 0 0 0
0.87763053178787 0 0 0 0
0.87763100862503 0 0 0 0
0.87764751911163 0 0 0 0
0.87764728069305 0 0 0 0
0.87764662504196 0 0 0 0
0.86044025421143 0 0 0.017556823790073 0
0.65300178527832 0 0 0.22611220180988 0
0.29713279008865 0 0 0.58195453882217 0
0.031400520354509 0 0 0.84701812267303 0
-0.091898657381535 0 0 0.9698047041893 0
-0.12233291566372 0 0 0.99998027086258 0
-0.10729920864105 0 0 0.98484742641449 0
-0.076242312788963 0 0 0.9537752866745 0
-0.045873545110226 0 0 0.92342931032181 0
-0.023387538269162 0 0 0.90097469091415 0
-0.0095283286646008 0 0 0.88714069128036 0
-0.0021140319295228 0 0 0.87974029779434 0
0 0 0 0.87763130664825 0
0 0 0 0.87763100862503 0
0 0 0 0.87763053178787 0
0 0 0 0.87763100862503 0
0 0 0 0.87764751911163 0
0 0 0 0.87764728069305 0
0 0 0 0.87764662504196 0
0 0 0 0.87764483690262 0
0 0 0 0.87764483690262 0
0 0 0 0.87764501571655 0
0 0 0 0.87764370441437 0
0 0 0 0.87764316797256 0
0 0 0 0.87764286994934 0
0.017556823790073 0 0 0.86036151647568 0
0.22611220180988 0 0 0.65266853570938 0
0.58195453882217 0 0 0.29679024219513 0
0.84701812267303 0 0 0.031206471845508 0
0.9698047041893 0 0 -0.091969840228558 0
0.99998027086258 0 0 -0.12233779579401 0
0.98484742641449 0 0 -0.10727565735579 0
0.9537752866745 0 0 -0.076224058866501 0
0.92342931032181 0 0 -0.04586773738265 0
0.90097469091415 0 0 -0.023389490321279 0
0.88714069128036 0 0 -0.0095318062230945 0
0.87974029779434 0 0 -0.0021155008580536 0
0.87763130664825 0 0 0 0
0.87763100862503 0 0 0 0
0.87763053178787 0 0 0 0
0.87763100862503 0 0 0 0
0.87764751911163 0 0 0 0
0.87764728069305 0 0 0 0
0.87764662504196 0 0 0 0
0.86044025421143 0 0 0 0.017556823790073
0.65300178527832 0 0 0 0.22611220180988
0.29713279008865 0 0 0 0.58195453882217
0.031400520354509 0 0 0 0.84701812267303
-0.091898657381535 0 0 0 0.9698047041893
-0.12233291566372 0 0 0 0.99998027086258
-0.10729920864105 0 0 0 0.98484742641449
-0.076242312788963 0 0 0 0.9537752866745
-0.045873545110226 0 0 0 0.92342931032181
-0.023387538269162 0 0 0 0.90097469091415
-0.0095283286646008 0 0 0 0.88714069128036
-0.0021140319295228 0 0 0 0.87974029779434
0 0 0 0 0.87763130664825
0 0 0 0 0.87763100862503
0 0 0 0 0.87763053178787
0 0 0 0 0.87763100862503
0 0 0 0 0.87764751911163
0 0 0 0 0.87764728069305
0 0 0 0 0.87764662504196
0 0 0 0 0.87764483690262
0 0 0 0 0.87764483690262
0 0 0 0 0.87764501571655
0 0 0 0 0.87764370441437
0 0 0 0 0.87764316797256
0 0 0 0 0.87764286994934
0.017556823790073 0 0 0 0.86036151647568
0.22611220180988 0 0 0 0.65266853570938
0.58195453882217 0 0 0 0.29679024219513
0.84701812267303 0 0 0 0.031206471845508
0.9698047041893 0 0 0 -0.091969840228558
0.99998027086258 0 0 0 -0.12233779579401
0.98484742641449 0 0 0 -0.10727565735579
0.9537752866745 0 0 0 -0.076224058866501
0.92342931032181 0 0 0 -0.04586773738265
0.90097469091415 0 0 0 -0.023389490321279
0.88714069128036 0 0 0 -0.0095318062230945
0.87974029779434 0 0 0 -0.0021155008580536
0.87763130664825 0 0 0 0
0.87763100862503 0 0 0 0
0.87763053178787 0 0 0 0
0.87763100862503 0 0 0 0
0.87764751911163 0 0 0 0
0.87764728069305 0 0 0 0
